#These numbers show the range of events where the current is at the maximum value.
#We do not want to analyze data where the current is off or ramping up.
run 2813
0 50000
50000 100000
100000 150000
150000 206700
220000 250000
250000 300000
300000 350000
350000 400000
400000 450000
450000 500000
run 2814
0 50000
50000 100000
100000 130600
139300 150000
150000 200000
200000 250000
250000 300000
300000 350000
350000 400000
400000 450000
450000 500000
run 2815
0 50000
50000 100000
100000 133500
166000 200000
200000 250000
250000 300000
300000 350000
350000 400000
400000 450000
450000 500000
run 2816
0 50000
50000 100000
100000 150000
150000 200000
200000 250000 
250000 300000
300000 350000
350000 400000
400000 450000 
450000 500000
500000 550000
run 2817
123400 150000
150000 200000
200000 250000
250000 300000
300000 350000
350000 400000
400000 450000
450000 474500
run 2818
0 50000
50000 100000
100000 150000
150000 200000
200000 235500
307000 350000
350000 400000
400000 450000
450000 500000
run 2820
0 50000
50000 100000
100000 150000
150000 200000
200000 228400
323500 350000
350000 400000
400000 437700
531000 550000
run 2821
90000 150000
150000 200000
200000 250000 
250000 300000
300000 350000
350000 400000
400000 450000
450000 500000
500000 550000



